1607 1112 0.08593354803932035
1112 1607 0.08593354803932035
1607 358 0.020358612205067184
358 1607 0.020358612205067184
1607 2998 0.0960345368460437
2998 1607 0.0960345368460437
1607 4917 0.09061365531567216
4917 1607 0.09061365531567216
1607 5875 0.18180059171951346
5875 1607 0.18180059171951346
1607 5516 0.08663148729481239
5516 1607 0.08663148729481239
1607 1971 0.13559409575888515
1971 1607 0.13559409575888515
1607 1606 0.08536383140889088
1606 1607 0.08536383140889088
1607 3067 0.04578635206747472
3067 1607 0.04578635206747472
1607 236 0.06119945692883515
236 1607 0.06119945692883515
1607 263 0.18467864774922269
263 1607 0.18467864774922269
1607 2157 0.06512994223687729
2157 1607 0.06512994223687729
1607 2969 0.0734376760535483
2969 1607 0.0734376760535483
1607 2014 0.054843510629933055
2014 1607 0.054843510629933055
1607 4664 0.07251875515812503
4664 1607 0.07251875515812503
5516 6110 0.12889818130914363
6110 5516 0.12889818130914363
2877 5260 0.07808697140917904
5260 2877 0.07808697140917904
2877 5237 0.0512729984747603
5237 2877 0.0512729984747603
2877 5164 0.025574729845376273
5164 2877 0.025574729845376273
2877 1296 0.010508846180325743
1296 2877 0.010508846180325743
5164 6110 0.16224543314081658
6110 5164 0.16224543314081658
5164 3776 0.15454918525060068
3776 5164 0.15454918525060068
5164 1441 0.05903917845403167
1441 5164 0.05903917845403167
6110 291 0.03549505877894246
291 6110 0.03549505877894246
6110 4676 0.20081663471235112
4676 6110 0.20081663471235112
6110 65 0.08576242527083404
65 6110 0.08576242527083404
6110 4240 0.17912877275262923
4240 6110 0.17912877275262923
6110 2078 0.026506384637712044
2078 6110 0.026506384637712044
6110 4693 0.08478328015030165
4693 6110 0.08478328015030165
6110 5113 0.07551124197386656
5113 6110 0.07551124197386656
6110 547 0.11641034193405228
547 6110 0.11641034193405228
6110 2873 0.19308055182781472
2873 6110 0.19308055182781472
6110 2375 0.12135222117470239
2375 6110 0.12135222117470239
6110 4038 0.1695310602356162
4038 6110 0.1695310602356162
6110 445 0.08036981415872559
445 6110 0.08036981415872559
6110 1505 0.22676706517121534
1505 6110 0.22676706517121534
6110 3215 0.13192006860674485
3215 6110 0.13192006860674485
6110 4498 0.060659254451882125
4498 6110 0.060659254451882125
6110 1975 0.06930351835506002
1975 6110 0.06930351835506002
6110 1681 0.05556177011066083
1681 6110 0.05556177011066083
6110 1574 0.14840434979286593
1574 6110 0.14840434979286593
6110 1813 0.1031769136965981
1813 6110 0.1031769136965981
6110 5691 0.018429182673435213
5691 6110 0.018429182673435213
6110 1533 0.12977321954197316
1533 6110 0.12977321954197316
6110 4142 0.004820553504393088
4142 6110 0.004820553504393088
6110 1031 0.02821092722913876
1031 6110 0.02821092722913876
6110 3917 0.09845697734514534
3917 6110 0.09845697734514534
6110 250 0.11690436090594176
250 6110 0.11690436090594176
6110 3015 0.12514767796266174
3015 6110 0.12514767796266174
6110 4863 0.046214422160487365
4863 6110 0.046214422160487365
6110 5541 0.01269297467079833
5541 6110 0.01269297467079833
6110 4392 0.10209859243779075
4392 6110 0.10209859243779075
6110 314 0.1922244350386397
314 6110 0.1922244350386397
6110 1068 0.06426254235160561
1068 6110 0.06426254235160561
6110 1141 0.05040377747240253
1141 6110 0.05040377747240253
6110 2240 0.08104246207341133
2240 6110 0.08104246207341133
6110 4947 0.08150578012867744
4947 6110 0.08150578012867744
6110 3820 0.12098984730838751
3820 6110 0.12098984730838751
6110 6252 0.12370493089508415
6252 6110 0.12370493089508415
6110 5521 0.04719882253753502
5521 6110 0.04719882253753502
6110 1279 0.1820616712145921
1279 6110 0.1820616712145921
6110 979 0.14058946491290983
979 6110 0.14058946491290983
6110 746 0.06298973461375001
746 6110 0.06298973461375001
6110 4345 0.08945981191422704
4345 6110 0.08945981191422704
6110 4168 0.14361904821226423
4168 6110 0.14361904821226423
6110 1207 0.11285143858803066
1207 6110 0.11285143858803066
6110 2036 0.06920887137430606
2036 6110 0.06920887137430606
6110 4984 0.06417881236970763
4984 6110 0.06417881236970763
6110 2446 0.09337031063648016
2446 6110 0.09337031063648016
6110 5015 0.10779743585665208
5015 6110 0.10779743585665208
6110 1278 0.10427316113359439
1278 6110 0.10427316113359439
6110 3042 0.13493356933410433
3042 6110 0.13493356933410433
6110 3411 0.19111014768819978
3411 6110 0.19111014768819978
6110 3172 0.06640589614256204
3172 6110 0.06640589614256204
6110 5606 0.01631924196764993
5606 6110 0.01631924196764993
6110 5057 0.037733551716137355
5057 6110 0.037733551716137355
6110 5980 0.027195963633710796
5980 6110 0.027195963633710796
6110 157 0.07925857996684185
157 6110 0.07925857996684185
6110 2442 0.17174019356917297
2442 6110 0.17174019356917297
6110 1833 0.11560000316868298
1833 6110 0.11560000316868298
6110 2899 0.21669825394229592
2899 6110 0.21669825394229592
6110 2461 0.06611923102513954
2461 6110 0.06611923102513954
6110 822 0.08122099718052106
822 6110 0.08122099718052106
6110 6114 0.20455449733385006
6114 6110 0.20455449733385006
6110 4877 0.07925424374288424
4877 6110 0.07925424374288424
6110 3577 0.2234700248070197
3577 6110 0.2234700248070197
6110 2946 0.2161948890768807
2946 6110 0.2161948890768807
6110 5402 0.03915822017988841
5402 6110 0.03915822017988841
6110 690 0.05594129900376942
690 6110 0.05594129900376942
6110 3871 0.1115387043674591
3871 6110 0.1115387043674591
6110 5231 0.09047159394873229
5231 6110 0.09047159394873229
6110 5493 0.12591766758126083
5493 6110 0.12591766758126083
6110 412 0.09040137281365121
412 6110 0.09040137281365121
6110 3561 0.06922861448706417
3561 6110 0.06922861448706417
6110 5291 0.09621840719728317
5291 6110 0.09621840719728317
6110 1713 0.12177024596898614
1713 6110 0.12177024596898614
6110 3217 0.14610077221081358
3217 6110 0.14610077221081358
6110 5689 0.13453437258452122
5689 6110 0.13453437258452122
6110 2842 0.014524264159017239
2842 6110 0.014524264159017239
6110 2107 0.05586176636681741
2107 6110 0.05586176636681741
6110 3591 0.1945991421951654
3591 6110 0.1945991421951654
6110 691 0.1391515050126167
691 6110 0.1391515050126167
6110 1551 0.08650231326607816
1551 6110 0.08650231326607816
6110 267 0.0011226772813278107
267 6110 0.0011226772813278107
6110 2487 0.09380862164250799
2487 6110 0.09380862164250799
6110 2780 0.08126866378596534
2780 6110 0.08126866378596534
6110 3948 0.1248656712821022
3948 6110 0.1248656712821022
6110 1809 0.08544126816842676
1809 6110 0.08544126816842676
6110 1543 0.15347928000435154
1543 6110 0.15347928000435154
6110 1301 0.1728765674222718
1301 6110 0.1728765674222718
6110 5377 0.051831290520646854
5377 6110 0.051831290520646854
6110 2039 0.16914373765655755
2039 6110 0.16914373765655755
6110 3229 0.041976076710643836
3229 6110 0.041976076710643836
6110 3220 0.1196975801425626
3220 6110 0.1196975801425626
6110 1199 0.04721123640691813
1199 6110 0.04721123640691813
6110 5655 0.13798169323500456
5655 6110 0.13798169323500456
6110 110 0.1301243480792613
110 6110 0.1301243480792613
6110 1197 0.028935191116746202
1197 6110 0.028935191116746202
6110 1763 0.12038969800353409
1763 6110 0.12038969800353409
6110 5180 0.08712243461671325
5180 6110 0.08712243461671325
6110 2195 0.030637271755512063
2195 6110 0.030637271755512063
6110 5694 0.09446214930826818
5694 6110 0.09446214930826818
6110 5108 0.1712478222291415
5108 6110 0.1712478222291415
6110 6156 0.10953248219852688
6156 6110 0.10953248219852688
6110 2222 0.1184100449105242
2222 6110 0.1184100449105242
547 570 0.00277753876783772
570 547 0.00277753876783772
1505 4395 0.18521779571014652
4395 1505 0.18521779571014652
1505 2079 0.08831127578275305
2079 1505 0.08831127578275305
1505 2868 0.014807238192048808
2868 1505 0.014807238192048808
1505 535 0.021872860961738613
535 1505 0.021872860961738613
1505 4803 0.0754384334182115
4803 1505 0.0754384334182115
3215 4996 0.07854281602485876
4996 3215 0.07854281602485876
1813 22 0.1730293318174222
22 1813 0.1730293318174222
1031 3776 0.13917230953650322
3776 1031 0.13917230953650322
1031 1196 0.16757900912913412
1196 1031 0.16757900912913412
1068 1196 0.1544907670316925
1196 1068 0.1544907670316925
1141 4509 0.06109728791535239
4509 1141 0.06109728791535239
1207 1441 0.20670354812467526
1441 1207 0.20670354812467526
2036 3776 0.09102488523176647
3776 2036 0.09102488523176647
3042 3776 0.06139608342585447
3776 3042 0.06139608342585447
3042 535 0.09055241675760405
535 3042 0.09055241675760405
3042 4650 0.1587308681488239
4650 3042 0.1587308681488239
3042 1196 0.09847079264102876
1196 3042 0.09847079264102876
5057 4789 0.09467291595041685
4789 5057 0.09467291595041685
157 5656 0.10704027138142809
5656 157 0.10704027138142809
2461 3776 0.03754513509988528
3776 2461 0.03754513509988528
3561 22 0.07912612019480003
22 3561 0.07912612019480003
2780 22 0.01956200870968254
22 2780 0.01956200870968254
1627 1271 0.10031116815883283
1271 1627 0.10031116815883283
1627 1861 0.03916885330771823
1861 1627 0.03916885330771823
1627 2643 0.15075000677211287
2643 1627 0.15075000677211287
1627 4453 0.024632918823573546
4453 1627 0.024632918823573546
1627 906 0.04688136155739393
906 1627 0.04688136155739393
1627 1899 0.1046608638286788
1899 1627 0.1046608638286788
1627 2748 0.07944354459184125
2748 1627 0.07944354459184125
1627 5142 0.06350768775814622
5142 1627 0.06350768775814622
1627 3775 0.08615847217534668
3775 1627 0.08615847217534668
1627 6205 0.1475984422671204
6205 1627 0.1475984422671204
1627 1272 0.0245559221344792
1272 1627 0.0245559221344792
1627 2268 0.14336490700306417
2268 1627 0.14336490700306417
1627 744 0.08993326534076022
744 1627 0.08993326534076022
203 1992 0.09880044335317255
1992 203 0.09880044335317255
203 866 0.14521425906726432
866 203 0.14521425906726432
203 4687 0.03610242892292125
4687 203 0.03610242892292125
203 5851 0.07625305713780355
5851 203 0.07625305713780355
203 6171 0.057735224658811125
6171 203 0.057735224658811125
203 3490 0.10498191909146151
3490 203 0.10498191909146151
1992 801 0.08162151857923755
801 1992 0.08162151857923755
1992 5547 0.10079458913919154
5547 1992 0.10079458913919154
1992 3119 0.09778834758478441
3119 1992 0.09778834758478441
1992 2263 0.05332878685410383
2263 1992 0.05332878685410383
1992 6209 0.12105338296965339
6209 1992 0.12105338296965339
1992 6270 0.19608455726117963
6270 1992 0.19608455726117963
1992 1785 0.06540617800847881
1785 1992 0.06540617800847881
1992 1601 0.11101983291019352
1601 1992 0.11101983291019352
5851 3327 0.14776537901031883
3327 5851 0.14776537901031883
2942 2950 0.039081867882729715
2950 2942 0.039081867882729715
2950 4866 0.05492022316214635
4866 2950 0.05492022316214635
2950 2562 0.10659814510945705
2562 2950 0.10659814510945705
2950 6247 0.06999630352060124
6247 2950 0.06999630352060124
5979 5393 0.13479729400490909
5393 5979 0.13479729400490909
5979 4399 0.10640703716563489
4399 5979 0.10640703716563489
5393 588 0.09310656300561726
588 5393 0.09310656300561726
4399 969 0.07069513921504553
969 4399 0.07069513921504553
4399 2960 0.1258296000664851
2960 4399 0.1258296000664851
4975 4287 0.14820679099488213
4287 4975 0.14820679099488213
4287 1577 0.1217776346891262
1577 4287 0.1217776346891262
4287 4675 0.01571290065834513
4675 4287 0.01571290065834513
4287 3524 0.1216850164274694
3524 4287 0.1216850164274694
4287 3196 0.13775905551119128
3196 4287 0.13775905551119128
4287 72 0.08853517269098914
72 4287 0.08853517269098914
4287 2640 0.08995528623145661
2640 4287 0.08995528623145661
4287 226 0.10660253145914954
226 4287 0.10660253145914954
4287 50 0.1437896476269565
50 4287 0.1437896476269565
4287 3168 0.08798402631896811
3168 4287 0.08798402631896811
4287 2193 0.07593992269145682
2193 4287 0.07593992269145682
4287 1883 0.0031713215783206322
1883 4287 0.0031713215783206322
4287 1091 0.04806916871974013
1091 4287 0.04806916871974013
4287 2166 0.18631845824568644
2166 4287 0.18631845824568644
4287 4581 0.1651040806711274
4581 4287 0.1651040806711274
4287 4269 0.06342872238795026
4269 4287 0.06342872238795026
4287 4160 0.07072209985175587
4160 4287 0.07072209985175587
4287 5727 0.14060992572043665
5727 4287 0.14060992572043665
4287 5372 0.05403442536866164
5372 4287 0.05403442536866164
4287 5187 0.047919750849947124
5187 4287 0.047919750849947124
4145 4339 0.13780486666116457
4339 4145 0.13780486666116457
4339 2128 0.02769413804199767
2128 4339 0.02769413804199767
4339 3860 0.11041558916406327
3860 4339 0.11041558916406327
5895 5232 0.042938991121676845
5232 5895 0.042938991121676845
5895 2361 0.13747983813498055
2361 5895 0.13747983813498055
2361 687 0.10232027577358613
687 2361 0.10232027577358613
2361 2263 0.1047478480651633
2263 2361 0.1047478480651633
2361 1772 0.16372579810184884
1772 2361 0.16372579810184884
2361 1711 0.10889724919017753
1711 2361 0.10889724919017753
2361 1432 0.16141737711848023
1432 2361 0.16141737711848023
2361 5590 0.17553013752117316
5590 2361 0.17553013752117316
2361 3814 0.0001521605727793779
3814 2361 0.0001521605727793779
4395 1808 0.03925775367542125
1808 4395 0.03925775367542125
286 598 0.0409027374520645
598 286 0.0409027374520645
598 3327 0.17422845816393612
3327 598 0.17422845816393612
598 2464 0.08814210207134827
2464 598 0.08814210207134827
598 2322 0.01792062892620866
2322 598 0.01792062892620866
2079 5656 0.14697739213824046
5656 2079 0.14697739213824046
4468 1374 0.09683248971559875
1374 4468 0.09683248971559875
4468 296 0.1325620839978831
296 4468 0.1325620839978831
4468 2543 0.10094637279464459
2543 4468 0.10094637279464459
4468 3313 0.08326941185509887
3313 4468 0.08326941185509887
4468 5792 0.0040869050712287885
5792 4468 0.0040869050712287885
4468 2651 0.02813678367253964
2651 4468 0.02813678367253964
4468 5356 0.09523572336502788
5356 4468 0.09523572336502788
4468 311 0.10328812235590579
311 4468 0.10328812235590579
4468 3181 0.01870721696873541
3181 4468 0.01870721696873541
4468 3706 0.037431817439593076
3706 4468 0.037431817439593076
4468 6099 0.1701708940165741
6099 4468 0.1701708940165741
4468 4491 0.08928202289536938
4491 4468 0.08928202289536938
4468 4616 0.09353989436747359
4616 4468 0.09353989436747359
4468 1027 0.10042112656051759
1027 4468 0.10042112656051759
4468 5245 0.13310987418571507
5245 4468 0.13310987418571507
4468 1708 0.07042177890097079
1708 4468 0.07042177890097079
4468 3634 0.17474266796236304
3634 4468 0.17474266796236304
4468 4598 0.16755672174873681
4598 4468 0.16755672174873681
4468 4385 0.09240928463973132
4385 4468 0.09240928463973132
4468 2621 0.12656385260810482
2621 4468 0.12656385260810482
4468 1163 0.06583871687105464
1163 4468 0.06583871687105464
4468 1488 0.06587679389888065
1488 4468 0.06587679389888065
4468 1540 0.128951648977902
1540 4468 0.128951648977902
4468 3849 0.06811335250726319
3849 4468 0.06811335250726319
4468 5588 0.16245283933372684
5588 4468 0.16245283933372684
4468 2525 0.07728607458789767
2525 4468 0.07728607458789767
4468 3652 0.18259879530356687
3652 4468 0.18259879530356687
4468 3734 0.12999147222070973
3734 4468 0.12999147222070973
4468 2444 0.19172025408283103
2444 4468 0.19172025408283103
4468 475 0.018895728659819422
475 4468 0.018895728659819422
4468 4716 0.25556340513583525
4716 4468 0.25556340513583525
4468 3910 0.13257150336087206
3910 4468 0.13257150336087206
4468 6260 0.07917554416072424
6260 4468 0.07917554416072424
4468 912 0.15679241258502974
912 4468 0.15679241258502974
1374 3119 0.049240046389754585
3119 1374 0.049240046389754585
1374 9 0.1022586662989406
9 1374 0.1022586662989406
1374 2464 0.10945131929335766
2464 1374 0.10945131929335766
1374 1407 0.04039094952160269
1407 1374 0.04039094952160269
296 4841 0.059859092106015185
4841 296 0.059859092106015185
2543 4836 0.17045199261058028
4836 2543 0.17045199261058028
2543 3327 0.09338880589661738
3327 2543 0.09338880589661738
2543 3497 0.15151116355580405
3497 2543 0.15151116355580405
2651 2199 0.07013149517191913
2199 2651 0.07013149517191913
5356 4127 0.0636041785722147
4127 5356 0.0636041785722147
3181 969 0.05755100901268724
969 3181 0.05755100901268724
3181 2684 0.05760442018572896
2684 3181 0.05760442018572896
6099 731 0.16089918540824266
731 6099 0.16089918540824266
4491 3327 0.03086578141771458
3327 4491 0.03086578141771458
4491 4630 0.1893224319484394
4630 4491 0.1893224319484394
4491 307 0.09688804008757683
307 4491 0.09688804008757683
4491 4208 0.07628648373229888
4208 4491 0.07628648373229888
1708 2263 0.08852527311373833
2263 1708 0.08852527311373833
1708 3147 0.04994483609378689
3147 1708 0.04994483609378689
1708 3029 0.07938462655290444
3029 1708 0.07938462655290444
1708 4743 0.09535313061845536
4743 1708 0.09535313061845536
3634 3841 0.07244578192707318
3841 3634 0.07244578192707318
3634 3327 0.048337415007822966
3327 3634 0.048337415007822966
3634 3028 0.0595677231499217
3028 3634 0.0595677231499217
4598 2199 0.07884669143284244
2199 4598 0.07884669143284244
4598 3327 0.070405812850488
3327 4598 0.070405812850488
4385 4972 0.15976753129580723
4972 4385 0.15976753129580723
2621 3327 0.09084119288837976
3327 2621 0.09084119288837976
2621 6270 0.11196567500802222
6270 2621 0.11196567500802222
2621 3126 0.0681724046335401
3126 2621 0.0681724046335401
1163 5811 0.04490168176935496
5811 1163 0.04490168176935496
1488 3841 0.03262761937226632
3841 1488 0.03262761937226632
1488 3786 0.00965653262625428
3786 1488 0.00965653262625428
1488 4772 0.05261520098705571
4772 1488 0.05261520098705571
1488 3688 0.12474929969446494
3688 1488 0.12474929969446494
1488 2410 0.10561500785793408
2410 1488 0.10561500785793408
3849 404 0.05884521326370849
404 3849 0.05884521326370849
3849 1772 0.04509350618163041
1772 3849 0.04509350618163041
5588 1327 0.012140424062357463
1327 5588 0.012140424062357463
3652 4772 0.11644383802510445
4772 3652 0.11644383802510445
3652 2806 0.20034281213845298
2806 3652 0.20034281213845298
3734 687 0.00852974194491958
687 3734 0.00852974194491958
3734 3327 0.21536250315063976
3327 3734 0.21536250315063976
3734 2684 0.1609474715643397
2684 3734 0.1609474715643397
3734 3958 0.06147247952880061
3958 3734 0.06147247952880061
3734 3594 0.1507513719050131
3594 3734 0.1507513719050131
3734 981 0.08812163271173817
981 3734 0.08812163271173817
2444 2199 0.1395631953810244
2199 2444 0.1395631953810244
2444 3327 0.15430903407192265
3327 2444 0.15430903407192265
475 1478 0.09611678174698683
1478 475 0.09611678174698683
475 4772 0.10362747448797094
4772 475 0.10362747448797094
475 1432 0.044546778097812594
1432 475 0.044546778097812594
475 6242 0.07336410756572243
6242 475 0.07336410756572243
5261 389 0.08527687357081788
389 5261 0.08527687357081788
5261 4179 0.184318963028303
4179 5261 0.184318963028303
5261 4933 0.16828925544723108
4933 5261 0.16828925544723108
4933 3327 0.1332555098962321
3327 4933 0.1332555098962321
3741 3000 0.07393948257596944
3000 3741 0.07393948257596944
3000 5811 0.02186624964906342
5811 3000 0.02186624964906342
3000 4507 0.08853998609626966
4507 3000 0.08853998609626966
3000 3208 0.09188791022866329
3208 3000 0.09188791022866329
5686 2125 0.15481949905567016
2125 5686 0.15481949905567016
5686 2314 0.15853698100588454
2314 5686 0.15853698100588454
5686 1665 0.012512032449663785
1665 5686 0.012512032449663785
5686 1180 0.0870254213829486
1180 5686 0.0870254213829486
5686 537 0.2033448440661354
537 5686 0.2033448440661354
5686 1387 0.13920241650519094
1387 5686 0.13920241650519094
5686 2179 0.07500046536314112
2179 5686 0.07500046536314112
2125 1304 0.050358915367737914
1304 2125 0.050358915367737914
2314 1375 0.051037858799715514
1375 2314 0.051037858799715514
2314 5811 0.01022035654892385
5811 2314 0.01022035654892385
2314 5890 0.1225641185434509
5890 2314 0.1225641185434509
1665 2960 0.053314462096957047
2960 1665 0.053314462096957047
1180 318 0.12432648205156119
318 1180 0.12432648205156119
1180 2418 0.12126236547330638
2418 1180 0.12126236547330638
1180 2294 0.00906941115359805
2294 1180 0.00906941115359805
537 3327 0.0434771219631097
3327 537 0.0434771219631097
537 2263 0.09089937353384536
2263 537 0.09089937353384536
537 4954 0.04277304275470236
4954 537 0.04277304275470236
537 52 0.0858160989785638
52 537 0.0858160989785638
537 1201 0.16904899373287113
1201 537 0.16904899373287113
537 3019 0.034474459780050565
3019 537 0.034474459780050565
537 5866 0.08573692148776285
5866 537 0.08573692148776285
537 6262 0.12779846905136036
6262 537 0.12779846905136036
537 6159 0.036517995678996495
6159 537 0.036517995678996495
1387 2051 0.09449324918120965
2051 1387 0.09449324918120965
1387 4772 0.013669215606677249
4772 1387 0.013669215606677249
4784 1377 0.061692676634998944
1377 4784 0.061692676634998944
1377 1461 0.00042290910818203187
1461 1377 0.00042290910818203187
2199 2210 0.06157167072057173
2210 2199 0.06157167072057173
2199 969 0.09196898741431718
969 2199 0.09196898741431718
2199 4157 0.11069262278326382
4157 2199 0.11069262278326382
2199 6192 0.07204061242005046
6192 2199 0.07204061242005046
2199 1178 0.0776347733308144
1178 2199 0.0776347733308144
2199 3431 0.05049521531441832
3431 2199 0.05049521531441832
2199 2152 0.12544643284795318
2152 2199 0.12544643284795318
2199 5380 0.12995270757673838
5380 2199 0.12995270757673838
2199 908 0.10298214149324636
908 2199 0.10298214149324636
2199 3100 0.058454152991512326
3100 2199 0.058454152991512326
2199 4718 0.10052210911688839
4718 2199 0.10052210911688839
2199 1162 0.02339962082787686
1162 2199 0.02339962082787686
2199 1980 0.1014358406163998
1980 2199 0.1014358406163998
2199 146 0.05724612932908708
146 2199 0.05724612932908708
2199 758 0.1592710516652835
758 2199 0.1592710516652835
2199 218 0.024335774834164103
218 2199 0.024335774834164103
2199 3105 0.09577292179858168
3105 2199 0.09577292179858168
2199 3439 0.022495666132342662
3439 2199 0.022495666132342662
2199 1218 0.1216413804309914
1218 2199 0.1216413804309914
2199 5030 0.07747481048473609
5030 2199 0.07747481048473609
2199 3401 0.07807185445029126
3401 2199 0.07807185445029126
2199 5759 0.05207741051326639
5759 2199 0.05207741051326639
2199 652 0.24388075800317374
652 2199 0.24388075800317374
2199 220 0.15634719907771674
220 2199 0.15634719907771674
2199 1082 0.12799710421934354
1082 2199 0.12799710421934354
2199 5492 0.09543461435422193
5492 2199 0.09543461435422193
2199 1792 0.0014470088102384732
1792 2199 0.0014470088102384732
2199 1001 0.0969360389866212
1001 2199 0.0969360389866212
2199 783 0.10410283502176826
783 2199 0.10410283502176826
2199 2729 0.07253255034826779
2729 2199 0.07253255034826779
2199 5517 0.06161397704475302
5517 2199 0.06161397704475302
2199 2717 0.008324067717060457
2717 2199 0.008324067717060457
2199 211 0.07979792027470795
211 2199 0.07979792027470795
2199 4765 0.0041293984010465495
4765 2199 0.0041293984010465495
2199 4697 0.1468772688380439
4697 2199 0.1468772688380439
2199 1915 0.018663828191971182
1915 2199 0.018663828191971182
2199 4401 0.05333181537812233
4401 2199 0.05333181537812233
2199 3175 0.15030189988491188
3175 2199 0.15030189988491188
2199 2241 0.06412145499291179
2241 2199 0.06412145499291179
2199 300 0.14918423520000385
300 2199 0.14918423520000385
2199 4983 0.11244042981644839
4983 2199 0.11244042981644839
2199 3997 0.05947197201002767
3997 2199 0.05947197201002767
2199 3306 0.06558131875831286
3306 2199 0.06558131875831286
2199 3482 0.0780756579030189
3482 2199 0.0780756579030189
2199 5558 0.1269456909545498
5558 2199 0.1269456909545498
2199 782 0.14822541004289846
782 2199 0.14822541004289846
2199 5067 0.06357332160838955
5067 2199 0.06357332160838955
2199 3748 0.09459723160555511
3748 2199 0.09459723160555511
2199 4439 0.017966196475533533
4439 2199 0.017966196475533533
2199 661 0.15148888235872923
661 2199 0.15148888235872923
2199 5080 0.12758349790260112
5080 2199 0.12758349790260112
2199 3114 0.09906007720746747
3114 2199 0.09906007720746747
2199 25 0.07202856319515274
25 2199 0.07202856319515274
2199 3106 0.19918834424998996
3106 2199 0.19918834424998996
2199 5407 0.018647018053352504
5407 2199 0.018647018053352504
2199 3223 0.181338209046979
3223 2199 0.181338209046979
2199 4181 0.05750608235377822
4181 2199 0.05750608235377822
2199 5254 0.0574271020274316
5254 2199 0.0574271020274316
2199 3855 0.09013517895342228
3855 2199 0.09013517895342228
2199 3933 0.05552759150190062
3933 2199 0.05552759150190062
2199 660 0.04127586066023337
660 2199 0.04127586066023337
2199 649 0.1173700645193318
649 2199 0.1173700645193318
2199 5889 0.14944662435605482
5889 2199 0.14944662435605482
2199 595 0.11646626787126914
595 2199 0.11646626787126914
2199 4065 0.10523432127415862
4065 2199 0.10523432127415862
2199 5272 0.05189708876684123
5272 2199 0.05189708876684123
2199 3294 0.2211272627134414
3294 2199 0.2211272627134414
2199 5988 0.05266557127096941
5988 2199 0.05266557127096941
2199 1385 0.020320842218164964
1385 2199 0.020320842218164964
2199 3119 0.17823453154119692
3119 2199 0.17823453154119692
2199 5590 0.09702216223201865
5590 2199 0.09702216223201865
2210 637 0.147930129546959
637 2210 0.147930129546959
2210 404 0.029812934697764623
404 2210 0.029812934697764623
2210 2418 0.034568609841259264
2418 2210 0.034568609841259264
969 5474 0.1359004822393081
5474 969 0.1359004822393081
969 4185 0.0016548071797754665
4185 969 0.0016548071797754665
969 4263 0.164155266101299
4263 969 0.164155266101299
969 2808 0.07720427682988056
2808 969 0.07720427682988056
969 5604 0.01293727188443336
5604 969 0.01293727188443336
969 196 0.07978327471358464
196 969 0.07978327471358464
969 983 0.10658725178679215
983 969 0.10658725178679215
969 5618 0.05298262195700254
5618 969 0.05298262195700254
969 6139 0.16265654079842962
6139 969 0.16265654079842962
969 5471 0.14018006947769546
5471 969 0.14018006947769546
969 5114 0.07707843512536772
5114 969 0.07707843512536772
969 681 0.09340865826411766
681 969 0.09340865826411766
969 1980 0.057269394834657976
1980 969 0.057269394834657976
969 875 0.09319671730936871
875 969 0.09319671730936871
969 294 0.036388863791887334
294 969 0.036388863791887334
969 5779 0.14735113214435064
5779 969 0.14735113214435064
969 2658 0.19711399776177646
2658 969 0.19711399776177646
969 108 0.12090725153644577
108 969 0.12090725153644577
969 3020 0.20232251280639998
3020 969 0.20232251280639998
969 3919 0.1798018939021312
3919 969 0.1798018939021312
969 2579 0.12842337573974558
2579 969 0.12842337573974558
969 5459 0.08723922034762302
5459 969 0.08723922034762302
969 118 0.059217915183519064
118 969 0.059217915183519064
969 260 0.12844937227570688
260 969 0.12844937227570688
969 3175 0.03495869688015941
3175 969 0.03495869688015941
969 4020 0.07100444169404123
4020 969 0.07100444169404123
969 4868 0.20665571030093718
4868 969 0.20665571030093718
969 3149 0.0199049846559326
3149 969 0.0199049846559326
969 6138 0.07321951689619796
6138 969 0.07321951689619796
969 2363 0.12545028429678579
2363 969 0.12545028429678579
969 2646 0.1831206382795639
2646 969 0.1831206382795639
969 1877 0.12413108326594233
1877 969 0.12413108326594233
969 3547 0.26519775592247774
3547 969 0.26519775592247774
969 654 0.10698224920193848
654 969 0.10698224920193848
969 692 0.02361612962643307
692 969 0.02361612962643307
969 632 0.04820550468689127
632 969 0.04820550468689127
969 6133 0.12691175799024193
6133 969 0.12691175799024193
969 2184 0.07333486380434208
2184 969 0.07333486380434208
969 3695 0.07925119558798198
3695 969 0.07925119558798198
969 1999 0.03159724376504577
1999 969 0.03159724376504577
969 2809 0.02544615247157074
2809 969 0.02544615247157074
969 2160 0.05119107419614486
2160 969 0.05119107419614486
969 3014 0.06706144227483354
3014 969 0.06706144227483354
969 5416 0.14709747535426063
5416 969 0.14709747535426063
969 5036 0.09284516099997968
5036 969 0.09284516099997968
969 5434 0.13037172096995733
5434 969 0.13037172096995733
6192 4231 0.18596897324567196
4231 6192 0.18596897324567196
6192 1379 0.0532253340491719
1379 6192 0.0532253340491719
3431 2672 0.09281222272033236
2672 3431 0.09281222272033236
5380 4962 0.09461113199664539
4962 5380 0.09461113199664539
5380 3841 0.14442233184392808
3841 5380 0.14442233184392808
5380 3327 0.04539514653444668
3327 5380 0.04539514653444668
5380 2684 0.1091358163815884
2684 5380 0.1091358163815884
5380 307 0.09928685151411745
307 5380 0.09928685151411745
5380 3914 0.13720128047549193
3914 5380 0.13720128047549193
908 2263 0.07805190841579404
2263 908 0.07805190841579404
908 633 0.1867061081343459
633 908 0.1867061081343459
3100 3327 0.14773810703699253
3327 3100 0.14773810703699253
3100 5795 0.040101355551166375
5795 3100 0.040101355551166375
4718 3327 0.08318960351978541
3327 4718 0.08318960351978541
4718 2263 0.06612276011027057
2263 4718 0.06612276011027057
1162 3327 0.01738886177683345
3327 1162 0.01738886177683345
1162 5602 0.129896776757228
5602 1162 0.129896776757228
1162 2263 0.145945875729191
2263 1162 0.145945875729191
1162 1087 0.02955785212689551
1087 1162 0.02955785212689551
1162 2623 0.12464946125252893
2623 1162 0.12464946125252893
1980 2684 0.10624634755155396
2684 1980 0.10624634755155396
1980 588 0.17812489125994466
588 1980 0.17812489125994466
1980 3201 0.1116325584093429
3201 1980 0.1116325584093429
146 5986 0.10371946918622806
5986 146 0.10371946918622806
146 5564 0.08977601827302034
5564 146 0.08977601827302034
146 1982 0.009099895399403396
1982 146 0.009099895399403396
146 673 0.054178095950015
673 146 0.054178095950015
146 247 0.1660888038109123
247 146 0.1660888038109123
146 679 0.12560803949016697
679 146 0.12560803949016697
146 1644 0.051758461887810664
1644 146 0.051758461887810664
146 5440 0.012410949932346413
5440 146 0.012410949932346413
146 1064 0.12083002964803698
1064 146 0.12083002964803698
146 4014 0.09303080462693517
4014 146 0.09303080462693517
146 5513 0.10713104830895791
5513 146 0.10713104830895791
146 5746 0.16382623386221423
5746 146 0.16382623386221423
758 4089 0.11961271045638439
4089 758 0.11961271045638439
218 4017 0.18985449121763914
4017 218 0.18985449121763914
218 6270 0.12907500073489062
6270 218 0.12907500073489062
218 3914 0.10231300858074986
3914 218 0.10231300858074986
1218 5073 0.1422870431711853
5073 1218 0.1422870431711853
5030 3914 0.05771257562843234
3914 5030 0.05771257562843234
5759 3327 0.1601112827500602
3327 5759 0.1601112827500602
652 1801 0.11021192490866712
1801 652 0.11021192490866712
652 6097 0.18415683289184548
6097 652 0.18415683289184548
652 596 0.1262594441649648
596 652 0.1262594441649648
220 3327 0.18059945057798937
3327 220 0.18059945057798937
220 3907 0.2022036214265982
3907 220 0.2022036214265982
220 3419 0.17506151493117394
3419 220 0.17506151493117394
220 1231 0.1485580884203636
1231 220 0.1485580884203636
220 5756 0.10663972444734844
5756 220 0.10663972444734844
220 2819 0.08506259254086365
2819 220 0.08506259254086365
220 6229 0.15488322683338868
6229 220 0.15488322683338868
220 3676 0.0699005199906336
3676 220 0.0699005199906336
1082 3327 0.10910167707501751
3327 1082 0.10910167707501751
1082 2477 0.10881209696163015
2477 1082 0.10881209696163015
783 3119 0.1463787472986945
3119 783 0.1463787472986945
2717 818 0.1615847879111026
818 2717 0.1615847879111026
2717 4374 0.10310608022386786
4374 2717 0.10310608022386786
2717 880 0.07954645341875888
880 2717 0.07954645341875888
2717 3497 0.060301472480916676
3497 2717 0.060301472480916676
4697 2263 0.17760860466275502
2263 4697 0.17760860466275502
4697 6270 0.1725382445541849
6270 4697 0.1725382445541849
3175 3327 0.13215433700376641
3327 3175 0.13215433700376641
3175 5942 0.03732157523887244
5942 3175 0.03732157523887244
3175 5710 0.14823181271703373
5710 3175 0.14823181271703373
2241 3327 0.057825982120552975
3327 2241 0.057825982120552975
4983 3077 0.10061787115932286
3077 4983 0.10061787115932286
3997 5508 0.06670413964298202
5508 3997 0.06670413964298202
3997 5270 0.13410798122721015
5270 3997 0.13410798122721015
3997 5715 0.08824906744088268
5715 3997 0.08824906744088268
3306 3537 0.06469089913112995
3537 3306 0.06469089913112995
3306 818 0.06446395880388901
818 3306 0.06446395880388901
3306 3327 0.03565102896885846
3327 3306 0.03565102896885846
3482 3327 0.08581523478893306
3327 3482 0.08581523478893306
5558 5590 0.13296899545156837
5590 5558 0.13296899545156837
3748 2263 0.10050314909469783
2263 3748 0.10050314909469783
4439 4103 0.036792473537168385
4103 4439 0.036792473537168385
4439 3028 0.08456241425692919
3028 4439 0.08456241425692919
4439 605 0.12436672498580723
605 4439 0.12436672498580723
661 2051 0.0988679696751385
2051 661 0.0988679696751385
661 3327 0.1011582205249345
3327 661 0.1011582205249345
5080 3327 0.12876990451279496
3327 5080 0.12876990451279496
5080 4164 0.1887505923390429
4164 5080 0.1887505923390429
3114 637 0.1035057421142178
637 3114 0.1035057421142178
3114 3327 0.12164466037780888
3327 3114 0.12164466037780888
3114 1099 0.10922037029786003
1099 3114 0.10922037029786003
25 5091 0.016372505973381704
5091 25 0.016372505973381704
25 3327 0.20933942869557842
3327 25 0.20933942869557842
25 2562 0.19758307075680004
2562 25 0.19758307075680004
25 4568 0.13502561461521634
4568 25 0.13502561461521634
25 1261 0.08019676706605651
1261 25 0.08019676706605651
25 4178 0.08604589119320682
4178 25 0.08604589119320682
3106 4488 0.02099712648346172
4488 3106 0.02099712648346172
3106 345 0.11041717642867985
345 3106 0.11041717642867985
5407 3474 0.17678598467878437
3474 5407 0.17678598467878437
5407 3327 0.009604064834405152
3327 5407 0.009604064834405152
5407 1717 0.11991238089771972
1717 5407 0.11991238089771972
5407 1507 0.08598450955436227
1507 5407 0.08598450955436227
5407 114 0.09994188952696736
114 5407 0.09994188952696736
3223 2960 0.07853356496696327
2960 3223 0.07853356496696327
4181 981 0.1611078632033342
981 4181 0.1611078632033342
4181 5515 0.1133106326614071
5515 4181 0.1133106326614071
4181 170 0.13914202113671958
170 4181 0.13914202113671958
4181 2611 0.04439245420752787
2611 4181 0.04439245420752787
4181 5363 0.06369398849049929
5363 4181 0.06369398849049929
4181 3653 0.09644415597415566
3653 4181 0.09644415597415566
4181 3784 0.06392830914087894
3784 4181 0.06392830914087894
4181 3020 0.06477095222128311
3020 4181 0.06477095222128311
4181 6224 0.051947284865746325
6224 4181 0.051947284865746325
4181 1891 0.09357752751413159
1891 4181 0.09357752751413159
4181 3079 0.18586553974792364
3079 4181 0.18586553974792364
4181 3368 0.18059044092779714
3368 4181 0.18059044092779714
4181 1629 0.0562878941266819
1629 4181 0.0562878941266819
4181 5611 0.23100049576166712
5611 4181 0.23100049576166712
4181 6222 0.08066317402616155
6222 4181 0.08066317402616155
4181 2742 0.04786460342269028
2742 4181 0.04786460342269028
4181 654 0.07618706310548334
654 4181 0.07618706310548334
4181 5906 0.084610428067866
5906 4181 0.084610428067866
4181 2572 0.053570145581868754
2572 4181 0.053570145581868754
4181 4995 0.07558366774781022
4995 4181 0.07558366774781022
4181 4898 0.08621727241841051
4898 4181 0.08621727241841051
4181 5440 0.14741564332249435
5440 4181 0.14741564332249435
4181 3892 0.09024971276112012
3892 4181 0.09024971276112012
4181 4966 0.10621838832987368
4966 4181 0.10621838832987368
4181 1147 0.1604998928570719
1147 4181 0.1604998928570719
4181 609 0.006150900015059815
609 4181 0.006150900015059815
4181 3247 0.0637417346903526
3247 4181 0.0637417346903526
3933 5602 0.013857234941649227
5602 3933 0.013857234941649227
3933 5074 0.06840773660524749
5074 3933 0.06840773660524749
660 2051 0.04622957971487202
2051 660 0.04622957971487202
660 3327 0.1381305224107907
3327 660 0.1381305224107907
660 1304 0.07944318373242741
1304 660 0.07944318373242741
660 1368 0.10223777264737882
1368 660 0.10223777264737882
660 6108 0.08612773247944937
6108 660 0.08612773247944937
660 4639 0.07175723879236473
4639 660 0.07175723879236473
660 1058 0.13644644746480009
1058 660 0.13644644746480009
660 5255 0.23060892018015042
5255 660 0.23060892018015042
660 80 0.06004025760807452
80 660 0.06004025760807452
660 4790 0.07115314588989069
4790 660 0.07115314588989069
660 3909 0.10862411825646356
3909 660 0.10862411825646356
660 3227 0.1670836627866826
3227 660 0.1670836627866826
5889 2684 0.0732634902991545
2684 5889 0.0732634902991545
595 5013 0.06258581759109982
5013 595 0.06258581759109982
595 4380 0.029287205961685457
4380 595 0.029287205961685457
595 345 0.1321282736835679
345 595 0.1321282736835679
4065 3327 0.06715463724855661
3327 4065 0.06715463724855661
4065 1711 0.08889968546490655
1711 4065 0.08889968546490655
5272 4772 0.06754354350062741
4772 5272 0.06754354350062741
5272 2960 0.13864323917199167
2960 5272 0.13864323917199167
5272 5073 0.10858066937260649
5073 5272 0.10858066937260649
5272 1819 0.016353974375942368
1819 5272 0.016353974375942368
5272 5074 0.11023443849721964
5074 5272 0.11023443849721964
5272 1311 0.16617848766755075
1311 5272 0.16617848766755075
3294 3327 0.07307391654394449
3327 3294 0.07307391654394449
3355 1449 0.024185338312223137
1449 3355 0.024185338312223137
3355 195 0.12414755207792591
195 3355 0.12414755207792591
3355 2128 0.021876532369359644
2128 3355 0.021876532369359644
4747 483 0.07931993998156028
483 4747 0.07931993998156028
483 816 0.08812721939075892
816 483 0.08812721939075892
3658 4205 0.10990616324233567
4205 3658 0.10990616324233567
3658 4342 0.15775043709892617
4342 3658 0.15775043709892617
3658 1741 0.17617325766060826
1741 3658 0.17617325766060826
4205 2128 0.07146774888513034
2128 4205 0.07146774888513034
5149 3608 0.10713334101050137
3608 5149 0.10713334101050137
5149 4870 0.0076259596687136
4870 5149 0.0076259596687136
5149 5070 0.051355469695779386
5070 5149 0.051355469695779386
5149 2592 0.1427013910426672
2592 5149 0.1427013910426672
5149 5252 0.07349983760228533
5252 5149 0.07349983760228533
5149 1347 0.06507780792157059
1347 5149 0.06507780792157059
5149 814 0.055472883941131895
814 5149 0.055472883941131895
5149 190 0.036721001161370996
190 5149 0.036721001161370996
5149 6049 0.09062715638739437
6049 5149 0.09062715638739437
5149 2454 0.06006841134060621
2454 5149 0.06006841134060621
5149 1296 0.08313554421828293
1296 5149 0.08313554421828293
5149 4605 0.11458365238037929
4605 5149 0.11458365238037929
5149 3883 0.0687712525530285
3883 5149 0.0687712525530285
2592 1296 0.11426272458027388
1296 2592 0.11426272458027388
2746 4067 0.05142225784945796
4067 2746 0.05142225784945796
2746 5986 0.1702500093284851
5986 2746 0.1702500093284851
2746 3327 0.08948210238623844
3327 2746 0.08948210238623844
5305 5869 0.13170754699872514
5869 5305 0.13170754699872514
5305 4881 0.04698608322749583
4881 5305 0.04698608322749583
5305 982 0.07725823731597456
982 5305 0.07725823731597456
5305 2898 0.058419202430671925
2898 5305 0.058419202430671925
5305 2832 0.19778137202276808
2832 5305 0.19778137202276808
5305 4758 0.0742228260616429
4758 5305 0.0742228260616429
5305 1161 0.03461106947298963
1161 5305 0.03461106947298963
5305 904 0.09226067082302468
904 5305 0.09226067082302468
5305 1873 0.18310515275068995
1873 5305 0.18310515275068995
5305 463 0.061782528170086407
463 5305 0.061782528170086407
5305 1043 0.1810182513189767
1043 5305 0.1810182513189767
5305 3973 0.07570993774756483
3973 5305 0.07570993774756483
5305 3120 0.07694723953615949
3120 5305 0.07694723953615949
5305 2527 0.10488481002083254
2527 5305 0.10488481002083254
5305 1037 0.23994163162250054
1037 5305 0.23994163162250054
5305 2005 0.041705004614478264
2005 5305 0.041705004614478264
5305 5115 0.06166632834870567
5115 5305 0.06166632834870567
5305 2327 0.0780042402826025
2327 5305 0.0780042402826025
5305 2468 0.19196998383854325
2468 5305 0.19196998383854325
5305 2380 0.2000691211749769
2380 5305 0.2000691211749769
5305 4418 0.06244290345381892
4418 5305 0.06244290345381892
5305 6072 0.17016365782788706
6072 5305 0.17016365782788706
5305 3088 0.11120070606149185
3088 5305 0.11120070606149185
5305 4150 0.24555849143635133
4150 5305 0.24555849143635133
5305 2043 0.06317526794131496
2043 5305 0.06317526794131496
5305 1554 0.2285128481573697
1554 5305 0.2285128481573697
5305 1778 0.05809556698067227
1778 5305 0.05809556698067227
5305 3863 0.10560072736843998
3863 5305 0.10560072736843998
5305 1383 0.14283058490129266
1383 5305 0.14283058490129266
5305 4250 0.13273890396842375
