1607 1112 0.23154245830212106
1112 1607 0.23154245830212106
1607 358 0.21853906840333048
358 1607 0.21853906840333048
1607 2998 0.13055281141684516
2998 1607 0.13055281141684516
1607 4917 0.1692775835065678
4917 1607 0.1692775835065678
1607 5875 0.0370493117319253
5875 1607 0.0370493117319253
1607 5516 0.2183703919152717
5516 1607 0.2183703919152717
1607 1971 0.11972491732417248
1971 1607 0.11972491732417248
1607 1606 0.22010281504269777
1606 1607 0.22010281504269777
1607 3067 0.2018080252684309
3067 1607 0.2018080252684309
1607 236 0.1968897649965089
236 1607 0.1968897649965089
1607 263 0.23907932967697754
263 1607 0.23907932967697754
1607 2157 0.23459105155134316
2157 1607 0.23459105155134316
1607 2969 0.2436353631846438
2969 1607 0.2436353631846438
1607 2014 0.17137667311263102
2014 1607 0.17137667311263102
1607 4664 0.2499630891572759
4664 1607 0.2499630891572759
5516 6110 0.27435460502991976
6110 5516 0.27435460502991976
2877 5260 0.24315094795544956
5260 2877 0.24315094795544956
2877 5237 0.25891045380997435
5237 2877 0.25891045380997435
2877 5164 0.11144271234466499
5164 2877 0.11144271234466499
2877 1296 0.27889216044222137
1296 2877 0.27889216044222137
5164 6110 0.10473759560949158
6110 5164 0.10473759560949158
5164 3776 0.2053796934146994
3776 5164 0.2053796934146994
5164 1441 0.2247710287589549
1441 5164 0.2247710287589549
6110 291 0.2567021418470189
291 6110 0.2567021418470189
6110 4676 0.14477626624596338
4676 6110 0.14477626624596338
6110 65 0.2137679615857888
65 6110 0.2137679615857888
6110 4240 0.22999227962308785
4240 6110 0.22999227962308785
6110 2078 0.16412499662903268
2078 6110 0.16412499662903268
6110 4693 0.2453950340754743
4693 6110 0.2453950340754743
6110 5113 0.18555122129946883
5113 6110 0.18555122129946883
6110 547 0.08007690219941968
547 6110 0.08007690219941968
6110 2873 0.17908977435801401
2873 6110 0.17908977435801401
6110 2375 0.23441548653150845
2375 6110 0.23441548653150845
6110 4038 0.3454474976666301
4038 6110 0.3454474976666301
6110 445 0.2764541475162389
445 6110 0.2764541475162389
6110 1505 0.29113125471662193
1505 6110 0.29113125471662193
6110 3215 0.21043496539798198
3215 6110 0.21043496539798198
6110 4498 0.12208257417416621
4498 6110 0.12208257417416621
6110 1975 0.11558198987044901
1975 6110 0.11558198987044901
6110 1681 0.14894079732797616
1681 6110 0.14894079732797616
6110 1574 0.17803654048152487
1574 6110 0.17803654048152487
6110 1813 0.18259344295667737
1813 6110 0.18259344295667737
6110 5691 0.10321532385275031
5691 6110 0.10321532385275031
6110 1533 0.2724278311788983
1533 6110 0.2724278311788983
6110 4142 0.2751461249679527
4142 6110 0.2751461249679527
6110 1031 0.2753342972523679
1031 6110 0.2753342972523679
6110 3917 0.19180402225612003
3917 6110 0.19180402225612003
6110 250 0.15253230823784436
250 6110 0.15253230823784436
6110 3015 0.23615186975401126
3015 6110 0.23615186975401126
6110 4863 0.23165078153447377
4863 6110 0.23165078153447377
6110 5541 0.23929589544230515
5541 6110 0.23929589544230515
6110 4392 0.2119373031633998
4392 6110 0.2119373031633998
6110 314 0.17114205905966048
314 6110 0.17114205905966048
6110 1068 0.1792486963761009
1068 6110 0.1792486963761009
6110 1141 0.18433190991914414
1141 6110 0.18433190991914414
6110 2240 0.14975305473790462
2240 6110 0.14975305473790462
6110 4947 0.19408923315789772
4947 6110 0.19408923315789772
6110 3820 0.3224955561816013
3820 6110 0.3224955561816013
6110 6252 0.25371484352828166
6252 6110 0.25371484352828166
6110 5521 0.09437171663136916
5521 6110 0.09437171663136916
6110 1279 0.2995387166874487
1279 6110 0.2995387166874487
6110 979 0.21531565891905224
979 6110 0.21531565891905224
6110 746 0.13768403149371267
746 6110 0.13768403149371267
6110 4345 0.24948907413401694
4345 6110 0.24948907413401694
6110 4168 0.1899929096228824
4168 6110 0.1899929096228824
6110 1207 0.12365233053188035
1207 6110 0.12365233053188035
6110 2036 0.23227945927591825
2036 6110 0.23227945927591825
6110 4984 0.1995136372308337
4984 6110 0.1995136372308337
6110 2446 0.21615841447358614
2446 6110 0.21615841447358614
6110 5015 0.20758235982765152
5015 6110 0.20758235982765152
6110 1278 0.28988384574684734
1278 6110 0.28988384574684734
6110 3042 0.15445381927359542
3042 6110 0.15445381927359542
6110 3411 0.1893877868450357
3411 6110 0.1893877868450357
6110 3172 0.19638796867758623
3172 6110 0.19638796867758623
6110 5606 0.18353255045673764
5606 6110 0.18353255045673764
6110 5057 0.24562948221088224
5057 6110 0.24562948221088224
6110 5980 0.21275983108360677
5980 6110 0.21275983108360677
6110 157 0.27220802041934855
157 6110 0.27220802041934855
6110 2442 0.1678943412201464
2442 6110 0.1678943412201464
6110 1833 0.2524101110216152
1833 6110 0.2524101110216152
6110 2899 0.25295473260742724
2899 6110 0.25295473260742724
6110 2461 0.1763170306607102
2461 6110 0.1763170306607102
6110 822 0.2197002018434734
822 6110 0.2197002018434734
6110 6114 0.24367269271254263
6114 6110 0.24367269271254263
6110 4877 0.1605874866918803
4877 6110 0.1605874866918803
6110 3577 0.20356942589492885
3577 6110 0.20356942589492885
6110 2946 0.19347929191825655
2946 6110 0.19347929191825655
6110 5402 0.09766536103155563
5402 6110 0.09766536103155563
6110 690 0.18575478974888548
690 6110 0.18575478974888548
6110 3871 0.12227166442470724
3871 6110 0.12227166442470724
6110 5231 0.2741983336410379
5231 6110 0.2741983336410379
6110 5493 0.165504377885994
5493 6110 0.165504377885994
6110 412 0.21874361736859077
412 6110 0.21874361736859077
6110 3561 0.23049980160346867
3561 6110 0.23049980160346867
6110 5291 0.15393935408281234
5291 6110 0.15393935408281234
6110 1713 0.25609321576731053
1713 6110 0.25609321576731053
6110 3217 0.17522453053201073
3217 6110 0.17522453053201073
6110 5689 0.22036838551714572
5689 6110 0.22036838551714572
6110 2842 0.16643347936659245
2842 6110 0.16643347936659245
6110 2107 0.08649261497016007
2107 6110 0.08649261497016007
6110 3591 0.24811321941209263
3591 6110 0.24811321941209263
6110 691 0.2159238917956986
691 6110 0.2159238917956986
6110 1551 0.30619822949715514
1551 6110 0.30619822949715514
6110 267 0.14174930800611596
267 6110 0.14174930800611596
6110 2487 0.1770946640951375
2487 6110 0.1770946640951375
6110 2780 0.1387658504232225
2780 6110 0.1387658504232225
6110 3948 0.1348671499624411
3948 6110 0.1348671499624411
6110 1809 0.15813785391090274
1809 6110 0.15813785391090274
6110 1543 0.26878756446036134
1543 6110 0.26878756446036134
6110 1301 0.10228925220026842
1301 6110 0.10228925220026842
6110 5377 0.19478261143839734
5377 6110 0.19478261143839734
6110 2039 0.21227475148579283
2039 6110 0.21227475148579283
6110 3229 0.05977676487803424
3229 6110 0.05977676487803424
6110 3220 0.17525670643339772
3220 6110 0.17525670643339772
6110 1199 0.24549264847154248
1199 6110 0.24549264847154248
6110 5655 0.2893601457861715
5655 6110 0.2893601457861715
6110 110 0.19334624372051284
110 6110 0.19334624372051284
6110 1197 0.15782886294604398
1197 6110 0.15782886294604398
6110 1763 0.13955201576345522
1763 6110 0.13955201576345522
6110 5180 0.11859856823797105
5180 6110 0.11859856823797105
6110 2195 0.21604278555399486
2195 6110 0.21604278555399486
6110 5694 0.12931933098513965
5694 6110 0.12931933098513965
6110 5108 0.20423162072383977
5108 6110 0.20423162072383977
6110 6156 0.1650784776349013
6156 6110 0.1650784776349013
6110 2222 0.12498686120601264
2222 6110 0.12498686120601264
547 570 0.27474645364095296
570 547 0.27474645364095296
1505 4395 0.21506580680486867
4395 1505 0.21506580680486867
1505 2079 0.15925247605006337
2079 1505 0.15925247605006337
1505 2868 0.3055765066265926
2868 1505 0.3055765066265926
1505 535 0.14264261530216446
535 1505 0.14264261530216446
1505 4803 0.1451548271796169
4803 1505 0.1451548271796169
3215 4996 0.14507322891836866
4996 3215 0.14507322891836866
1813 22 0.2017879723728494
22 1813 0.2017879723728494
1031 3776 0.1441347565789977
3776 1031 0.1441347565789977
1031 1196 0.20098464065765856
1196 1031 0.20098464065765856
1068 1196 0.27523481872544187
1196 1068 0.27523481872544187
1141 4509 0.3340026977124585
4509 1141 0.3340026977124585
1207 1441 0.43230077195076566
1441 1207 0.43230077195076566
2036 3776 0.13383149135380512
3776 2036 0.13383149135380512
3042 3776 0.09675798026894562
3776 3042 0.09675798026894562
3042 535 0.23372208477610978
535 3042 0.23372208477610978
3042 4650 0.10502251689224189
4650 3042 0.10502251689224189
3042 1196 0.22380667967088697
1196 3042 0.22380667967088697
5057 4789 0.20424712784038077
4789 5057 0.20424712784038077
157 5656 0.16167409555136522
5656 157 0.16167409555136522
2461 3776 0.14130971228049885
3776 2461 0.14130971228049885
3561 22 0.19517117420056906
22 3561 0.19517117420056906
2780 22 0.19887521160739347
22 2780 0.19887521160739347
1627 1271 0.20137210162121094
1271 1627 0.20137210162121094
1627 1861 0.2648652510285474
1861 1627 0.2648652510285474
1627 2643 0.20129663206198292
2643 1627 0.20129663206198292
1627 4453 0.1820537902795058
4453 1627 0.1820537902795058
1627 906 0.17433314165599925
906 1627 0.17433314165599925
1627 1899 0.19515726809048076
1899 1627 0.19515726809048076
1627 2748 0.20530522317814157
2748 1627 0.20530522317814157
1627 5142 0.1387571564386828
5142 1627 0.1387571564386828
1627 3775 0.2514965012573607
3775 1627 0.2514965012573607
1627 6205 0.3034004725457601
6205 1627 0.3034004725457601
1627 1272 0.2623449114704977
1272 1627 0.2623449114704977
1627 2268 0.22922378945941688
2268 1627 0.22922378945941688
1627 744 0.2953401723395041
744 1627 0.2953401723395041
203 1992 0.1639680860316451
1992 203 0.1639680860316451
203 866 0.14760093930112433
866 203 0.14760093930112433
203 4687 0.13779830641797444
4687 203 0.13779830641797444
203 5851 0.1911223108470435
5851 203 0.1911223108470435
203 6171 0.10360226951003791
6171 203 0.10360226951003791
203 3490 0.13710105883721618
3490 203 0.13710105883721618
1992 801 0.2509150167257712
801 1992 0.2509150167257712
1992 5547 0.15098946126090695
5547 1992 0.15098946126090695
1992 3119 0.16827233952435985
3119 1992 0.16827233952435985
1992 2263 0.058400675208270664
2263 1992 0.058400675208270664
1992 6209 0.14141400960654552
6209 1992 0.14141400960654552
1992 6270 0.36643692001040284
6270 1992 0.36643692001040284
1992 1785 0.09775675851410624
1785 1992 0.09775675851410624
1992 1601 0.2860528248396345
1601 1992 0.2860528248396345
5851 3327 0.16258515803859588
3327 5851 0.16258515803859588
2942 2950 0.27360704147855025
2950 2942 0.27360704147855025
2950 4866 0.08425484865478707
4866 2950 0.08425484865478707
2950 2562 0.27520838043176443
2562 2950 0.27520838043176443
2950 6247 0.20054034525125322
6247 2950 0.20054034525125322
5979 5393 0.16171434852550157
5393 5979 0.16171434852550157
5979 4399 0.06245075506934675
4399 5979 0.06245075506934675
5393 588 0.15081525717643082
588 5393 0.15081525717643082
4399 969 0.15801558720104514
969 4399 0.15801558720104514
4399 2960 0.20896320004849564
2960 4399 0.20896320004849564
4975 4287 0.16894680649567867
4287 4975 0.16894680649567867
4287 1577 0.12733685413344192
1577 4287 0.12733685413344192
4287 4675 0.26011072410779246
4675 4287 0.26011072410779246
4287 3524 0.1509979047120466
3524 4287 0.1509979047120466
4287 3196 0.18802555643203797
3196 4287 0.18802555643203797
4287 72 0.14747239336923743
72 4287 0.14747239336923743
4287 2640 0.1440972856234052
2640 4287 0.1440972856234052
4287 226 0.11995810918715448
226 4287 0.11995810918715448
4287 50 0.19758714154974796
50 4287 0.19758714154974796
4287 3168 0.1318929102004004
3168 4287 0.1318929102004004
4287 2193 0.15489235851537936
2193 4287 0.15489235851537936
4287 1883 0.10563951996574686
1883 4287 0.10563951996574686
4287 1091 0.2420352789454009
1091 4287 0.2420352789454009
4287 2166 0.31133879503569317
2166 4287 0.31133879503569317
4287 4581 0.21451399768975282
4581 4287 0.21451399768975282
4287 4269 0.2605064079495316
4269 4287 0.2605064079495316
4287 4160 0.14152171394748891
4160 4287 0.14152171394748891
4287 5727 0.2504899105991846
5727 4287 0.2504899105991846
4287 5372 0.1554118608677317
5372 4287 0.1554118608677317
4287 5187 0.18337673255270864
5187 4287 0.18337673255270864
4145 4339 0.2371243122900173
4339 4145 0.2371243122900173
4339 2128 0.1513580508705124
2128 4339 0.1513580508705124
4339 3860 0.25418583892586705
3860 4339 0.25418583892586705
5895 5232 0.20565276537248411
5232 5895 0.20565276537248411
5895 2361 0.17829579913787466
2361 5895 0.17829579913787466
2361 687 0.18219053699150936
687 2361 0.18219053699150936
2361 2263 0.25909144107767
2263 2361 0.25909144107767
2361 1772 0.1627066190425209
1772 2361 0.1627066190425209
2361 1711 0.1319999287902689
1711 2361 0.1319999287902689
2361 1432 0.1666480534418247
1432 2361 0.1666480534418247
2361 5590 0.35641175184418683
5590 2361 0.35641175184418683
2361 3814 0.17043818125178367
3814 2361 0.17043818125178367
4395 1808 0.25741473241495716
1808 4395 0.25741473241495716
286 598 0.2550532724915251
598 286 0.2550532724915251
598 3327 0.1418520258416032
3327 598 0.1418520258416032
598 2464 0.2622378777663225
2464 598 0.2622378777663225
598 2322 0.11746550839660788
2322 598 0.11746550839660788
2079 5656 0.21757780427121817
5656 2079 0.21757780427121817
4468 1374 0.28443013035274184
1374 4468 0.28443013035274184
4468 296 0.2671946037002862
296 4468 0.2671946037002862
4468 2543 0.1954980332405055
2543 4468 0.1954980332405055
4468 3313 0.16730721882936442
3313 4468 0.16730721882936442
4468 5792 0.1551849677237534
5792 4468 0.1551849677237534
4468 2651 0.20598826977618984
2651 4468 0.20598826977618984
4468 5356 0.32900516009193714
5356 4468 0.32900516009193714
4468 311 0.15594777832129075
311 4468 0.15594777832129075
4468 3181 0.15729522354941156
3181 4468 0.15729522354941156
4468 3706 0.27008412877188986
3706 4468 0.27008412877188986
4468 6099 0.26732985211465604
6099 4468 0.26732985211465604
4468 4491 0.21746295539525567
4491 4468 0.21746295539525567
4468 4616 0.15633402646138628
4616 4468 0.15633402646138628
4468 1027 0.2760932425305317
1027 4468 0.2760932425305317
4468 5245 0.09230991470693668
5245 4468 0.09230991470693668
4468 1708 0.24125821327784272
1708 4468 0.24125821327784272
4468 3634 0.20248103119289404
3634 4468 0.20248103119289404
4468 4598 0.21601035297264798
4598 4468 0.21601035297264798
4468 4385 0.18074409868739544
4385 4468 0.18074409868739544
4468 2621 0.2570021466594282
2621 4468 0.2570021466594282
4468 1163 0.23005394173949906
1163 4468 0.23005394173949906
4468 1488 0.28274857236953205
1488 4468 0.28274857236953205
4468 1540 0.20002791429316052
1540 4468 0.20002791429316052
4468 3849 0.2550282087908565
3849 4468 0.2550282087908565
4468 5588 0.3041263456743968
5588 4468 0.3041263456743968
4468 2525 0.2523128754951491
2525 4468 0.2523128754951491
4468 3652 0.24361915761428926
3652 4468 0.24361915761428926
4468 3734 0.2694557405590511
3734 4468 0.2694557405590511
4468 2444 0.14984210964196482
2444 4468 0.14984210964196482
4468 475 0.2244500319158797
475 4468 0.2244500319158797
4468 4716 0.1801320800606949
4716 4468 0.1801320800606949
4468 3910 0.15628433095815072
3910 4468 0.15628433095815072
4468 6260 0.28495124835810004
6260 4468 0.28495124835810004
4468 912 0.1555195308699287
912 4468 0.1555195308699287
1374 3119 0.23070121808428024
3119 1374 0.23070121808428024
1374 9 0.17659155969135198
9 1374 0.17659155969135198
1374 2464 0.22659720248114923
2464 1374 0.22659720248114923
1374 1407 0.09095440002190881
1407 1374 0.09095440002190881
296 4841 0.08450153663109264
4841 296 0.08450153663109264
2543 4836 0.16146529027246567
4836 2543 0.16146529027246567
2543 3327 0.19050296290425553
3327 2543 0.19050296290425553
2543 3497 0.2538550258314248
3497 2543 0.2538550258314248
2651 2199 0.1845330315925944
2199 2651 0.1845330315925944
5356 4127 0.21065713340195666
4127 5356 0.21065713340195666
3181 969 0.20907332207893298
969 3181 0.20907332207893298
3181 2684 0.26895805910872017
2684 3181 0.26895805910872017
6099 731 0.2096918954988784
731 6099 0.2096918954988784
4491 3327 0.2672282854151737
3327 4491 0.2672282854151737
4491 4630 0.1799877045605261
4630 4491 0.1799877045605261
4491 307 0.2966524286137246
307 4491 0.2966524286137246
4491 4208 0.2264878917404954
4208 4491 0.2264878917404954
1708 2263 0.2596524244333406
2263 1708 0.2596524244333406
1708 3147 0.2847628909894905
3147 1708 0.2847628909894905
1708 3029 0.19458530252386314
3029 1708 0.19458530252386314
1708 4743 0.16549332987715698
4743 1708 0.16549332987715698
3634 3841 0.14253410514582202
3841 3634 0.14253410514582202
3634 3327 0.29155041407906057
3327 3634 0.29155041407906057
3634 3028 0.11747619064790793
3028 3634 0.11747619064790793
4598 2199 0.24998590599863685
2199 4598 0.24998590599863685
4598 3327 0.20614266077641
3327 4598 0.20614266077641
4385 4972 0.08323863255764788
4972 4385 0.08323863255764788
2621 3327 0.2172049447749213
3327 2621 0.2172049447749213
2621 6270 0.17901686283169996
6270 2621 0.17901686283169996
2621 3126 0.34876060169969997
3126 2621 0.34876060169969997
1163 5811 0.2653887710800064
5811 1163 0.2653887710800064
1488 3841 0.22805122724138543
3841 1488 0.22805122724138543
1488 3786 0.20989287688460737
3786 1488 0.20989287688460737
1488 4772 0.23993799786141418
4772 1488 0.23993799786141418
1488 3688 0.2850818222202756
3688 1488 0.2850818222202756
1488 2410 0.2328661328966281
2410 1488 0.2328661328966281
3849 404 0.21328394696486855
404 3849 0.21328394696486855
3849 1772 0.1884119520814389
1772 3849 0.1884119520814389
5588 1327 0.24659753297210685
1327 5588 0.24659753297210685
3652 4772 0.2396634411083821
4772 3652 0.2396634411083821
3652 2806 0.16685771466264812
2806 3652 0.16685771466264812
3734 687 0.19350882040438772
687 3734 0.19350882040438772
3734 3327 0.19392379067428994
3327 3734 0.19392379067428994
3734 2684 0.2793888900945463
2684 3734 0.2793888900945463
3734 3958 0.1733814601149727
3958 3734 0.1733814601149727
3734 3594 0.262215469637529
3594 3734 0.262215469637529
3734 981 0.2356023754772531
981 3734 0.2356023754772531
2444 2199 0.1836521818690951
2199 2444 0.1836521818690951
2444 3327 0.22167003646766664
3327 2444 0.22167003646766664
475 1478 0.26577597223316207
1478 475 0.26577597223316207
475 4772 0.18211855416420292
4772 475 0.18211855416420292
475 1432 0.14630773783403397
1432 475 0.14630773783403397
475 6242 0.20317612123296722
6242 475 0.20317612123296722
5261 389 0.20645659899240565
389 5261 0.20645659899240565
5261 4179 0.2896488097010511
4179 5261 0.2896488097010511
5261 4933 0.19078299804165152
4933 5261 0.19078299804165152
4933 3327 0.25434464186611233
3327 4933 0.25434464186611233
3741 3000 0.2378577973562001
3000 3741 0.2378577973562001
3000 5811 0.2326678994332778
5811 3000 0.2326678994332778
3000 4507 0.25462741832849833
4507 3000 0.25462741832849833
3000 3208 0.21356273035521484
3208 3000 0.21356273035521484
5686 2125 0.11249233643916967
2125 5686 0.11249233643916967
5686 2314 0.19331653174191218
2314 5686 0.19331653174191218
5686 1665 0.305656443075413
1665 5686 0.305656443075413
5686 1180 0.30112709686386474
1180 5686 0.30112709686386474
5686 537 0.20056058179125794
537 5686 0.20056058179125794
5686 1387 0.17083834825676675
1387 5686 0.17083834825676675
5686 2179 0.2043126006527854
2179 5686 0.2043126006527854
2125 1304 0.2754376290612693
1304 2125 0.2754376290612693
2314 1375 0.19830067985931402
1375 2314 0.19830067985931402
2314 5811 0.21482266085709503
5811 2314 0.21482266085709503
2314 5890 0.1435299758272195
5890 2314 0.1435299758272195
1665 2960 0.3011044248525242
2960 1665 0.3011044248525242
1180 318 0.20483054823413682
318 1180 0.20483054823413682
1180 2418 0.16731504606988068
2418 1180 0.16731504606988068
1180 2294 0.26417016468581955
2294 1180 0.26417016468581955
537 3327 0.13524863599358258
3327 537 0.13524863599358258
537 2263 0.2244540515065206
2263 537 0.2244540515065206
537 4954 0.23948628219051252
4954 537 0.23948628219051252
537 52 0.1930349277095006
52 537 0.1930349277095006
537 1201 0.2642311005473264
1201 537 0.2642311005473264
537 3019 0.1510983389245188
3019 537 0.1510983389245188
537 5866 0.317167021432069
5866 537 0.317167021432069
537 6262 0.24834479291861924
6262 537 0.24834479291861924
537 6159 0.14342998364174903
6159 537 0.14342998364174903
1387 2051 0.328306086327393
2051 1387 0.328306086327393
1387 4772 0.18010951324103458
4772 1387 0.18010951324103458
4784 1377 0.26045732527687937
1377 4784 0.26045732527687937
1377 1461 0.2580136554279141
1461 1377 0.2580136554279141
2199 2210 0.20364099041397185
2210 2199 0.20364099041397185
2199 969 0.2509836330914389
969 2199 0.2509836330914389
2199 4157 0.1729073863427264
4157 2199 0.1729073863427264
2199 6192 0.24986912911103099
6192 2199 0.24986912911103099
2199 1178 0.22914674137348154
1178 2199 0.22914674137348154
2199 3431 0.17918817321076225
3431 2199 0.17918817321076225
2199 2152 0.1926770255217282
2152 2199 0.1926770255217282
2199 5380 0.16898130877323128
5380 2199 0.16898130877323128
2199 908 0.2649476470309147
908 2199 0.2649476470309147
2199 3100 0.15133109090915692
3100 2199 0.15133109090915692
2199 4718 0.08261952211644806
4718 2199 0.08261952211644806
2199 1162 0.19598681430941797
1162 2199 0.19598681430941797
2199 1980 0.2665489585574675
1980 2199 0.2665489585574675
2199 146 0.217891461812104
146 2199 0.217891461812104
2199 758 0.21581950383410867
758 2199 0.21581950383410867
2199 218 0.2191734576611935
218 2199 0.2191734576611935
2199 3105 0.1595967359288852
3105 2199 0.1595967359288852
2199 3439 0.19401561865680692
3439 2199 0.19401561865680692
2199 1218 0.22033940346507783
1218 2199 0.22033940346507783
2199 5030 0.1378799830647354
5030 2199 0.1378799830647354
2199 3401 0.23232910873326226
3401 2199 0.23232910873326226
2199 5759 0.14233778520528556
5759 2199 0.14233778520528556
2199 652 0.21222574362791852
652 2199 0.21222574362791852
2199 220 0.1853214963103305
220 2199 0.1853214963103305
2199 1082 0.26603206091264864
1082 2199 0.26603206091264864
2199 5492 0.21955960224730298
5492 2199 0.21955960224730298
2199 1792 0.11436945945233491
1792 2199 0.11436945945233491
2199 1001 0.1621200433133917
1001 2199 0.1621200433133917
2199 783 0.2183610753389877
783 2199 0.2183610753389877
2199 2729 0.18423986222535974
2729 2199 0.18423986222535974
2199 5517 0.3251845708241114
5517 2199 0.3251845708241114
2199 2717 0.3046771908020677
2717 2199 0.3046771908020677
2199 211 0.12983103725790235
211 2199 0.12983103725790235
2199 4765 0.10077051436417779
4765 2199 0.10077051436417779
2199 4697 0.24278550249068295
4697 2199 0.24278550249068295
2199 1915 0.09523345240114592
1915 2199 0.09523345240114592
2199 4401 0.16480235463893203
4401 2199 0.16480235463893203
2199 3175 0.2477908658033383
3175 2199 0.2477908658033383
2199 2241 0.16642304698669186
2241 2199 0.16642304698669186
2199 300 0.24792597036169722
300 2199 0.24792597036169722
2199 4983 0.24252400265522228
4983 2199 0.24252400265522228
2199 3997 0.23430562891722875
3997 2199 0.23430562891722875
2199 3306 0.14470647559841818
3306 2199 0.14470647559841818
2199 3482 0.21507503034677733
3482 2199 0.21507503034677733
2199 5558 0.199588422005585
5558 2199 0.199588422005585
2199 782 0.16552405498370457
782 2199 0.16552405498370457
2199 5067 0.20464554698724083
5067 2199 0.20464554698724083
2199 3748 0.23230679229859139
3748 2199 0.23230679229859139
2199 4439 0.21606911452471145
4439 2199 0.21606911452471145
2199 661 0.2610424643360222
661 2199 0.2610424643360222
2199 5080 0.23325218452280685
5080 2199 0.23325218452280685
2199 3114 0.33068736717198366
3114 2199 0.33068736717198366
2199 25 0.19940395176279752
25 2199 0.19940395176279752
2199 3106 0.27832466669737244
3106 2199 0.27832466669737244
2199 5407 0.23193610740284915
5407 2199 0.23193610740284915
2199 3223 0.1422635521076537
3223 2199 0.1422635521076537
2199 4181 0.14280524511002618
4181 2199 0.14280524511002618
2199 5254 0.20498414576015017
5254 2199 0.20498414576015017
2199 3855 0.050538338530043914
3855 2199 0.050538338530043914
2199 3933 0.17624002778058115
3933 2199 0.17624002778058115
2199 660 0.19316550437561428
660 2199 0.19316550437561428
2199 649 0.199676699816704
649 2199 0.199676699816704
2199 5889 0.17092490694055973
5889 2199 0.17092490694055973
2199 595 0.19229530834770714
595 2199 0.19229530834770714
2199 4065 0.15670219846612732
4065 2199 0.15670219846612732
2199 5272 0.13544890691150857
5272 2199 0.13544890691150857
2199 3294 0.12953661283236234
3294 2199 0.12953661283236234
2199 5988 0.2650103414017999
5988 2199 0.2650103414017999
2199 1385 0.22719539884529627
1385 2199 0.22719539884529627
2199 3119 0.2639816826886636
3119 2199 0.2639816826886636
2199 5590 0.1943759939253501
5590 2199 0.1943759939253501
2210 637 0.24926993001772088
637 2210 0.24926993001772088
2210 404 0.3268357781626467
404 2210 0.3268357781626467
2210 2418 0.30070946682697697
2418 2210 0.30070946682697697
969 5474 0.31607098184475035
5474 969 0.31607098184475035
969 4185 0.22172007717376035
4185 969 0.22172007717376035
969 4263 0.10966585182703414
4263 969 0.10966585182703414
969 2808 0.11521297328695145
2808 969 0.11521297328695145
969 5604 0.0846277658911014
5604 969 0.0846277658911014
969 196 0.24425059389279483
196 969 0.24425059389279483
969 983 0.19973884976092443
983 969 0.19973884976092443
969 5618 0.18355490543847872
5618 969 0.18355490543847872
969 6139 0.11416793326297776
6139 969 0.11416793326297776
969 5471 0.1581188956747301
5471 969 0.1581188956747301
969 5114 0.21609236446212166
5114 969 0.21609236446212166
969 681 0.21678045727358572
681 969 0.21678045727358572
969 1980 0.27780380618196526
1980 969 0.27780380618196526
969 875 0.2371266536930096
875 969 0.2371266536930096
969 294 0.2235341783651721
294 969 0.2235341783651721
969 5779 0.17362778734889392
5779 969 0.17362778734889392
969 2658 0.2254404280623815
2658 969 0.2254404280623815
969 108 0.19934858452914603
108 969 0.19934858452914603
969 3020 0.17556567099178289
3020 969 0.17556567099178289
969 3919 0.22921542976256096
3919 969 0.22921542976256096
969 2579 0.25680397727377513
2579 969 0.25680397727377513
969 5459 0.21409668716046226
5459 969 0.21409668716046226
969 118 0.18296900993083426
118 969 0.18296900993083426
969 260 0.2614911618314269
260 969 0.2614911618314269
969 3175 0.1786364374513867
3175 969 0.1786364374513867
969 4020 0.09028025717089874
4020 969 0.09028025717089874
969 4868 0.20115161329389927
4868 969 0.20115161329389927
969 3149 0.23963904965239735
3149 969 0.23963904965239735
969 6138 0.1868151571974724
6138 969 0.1868151571974724
969 2363 0.1593250638921211
2363 969 0.1593250638921211
969 2646 0.24790815798777893
2646 969 0.24790815798777893
969 1877 0.1460591399419813
1877 969 0.1460591399419813
969 3547 0.18410698894864266
3547 969 0.18410698894864266
969 654 0.09211499194313184
654 969 0.09211499194313184
969 692 0.172842072211723
692 969 0.172842072211723
969 632 0.21974138473850863
632 969 0.21974138473850863
969 6133 0.12333633475049496
6133 969 0.12333633475049496
969 2184 0.2413796205326399
2184 969 0.2413796205326399
969 3695 0.24553877177494238
3695 969 0.24553877177494238
969 1999 0.352622384959172
1999 969 0.352622384959172
969 2809 0.2320113533448335
2809 969 0.2320113533448335
969 2160 0.18697776213210365
2160 969 0.18697776213210365
969 3014 0.22430906385022042
3014 969 0.22430906385022042
969 5416 0.19873913689143555
5416 969 0.19873913689143555
969 5036 0.22748746827257937
5036 969 0.22748746827257937
969 5434 0.27056913556377127
5434 969 0.27056913556377127
6192 4231 0.23103585589216272
4231 6192 0.23103585589216272
6192 1379 0.14360574671936854
1379 6192 0.14360574671936854
3431 2672 0.23713934648756124
2672 3431 0.23713934648756124
5380 4962 0.20763971421816074
4962 5380 0.20763971421816074
5380 3841 0.1403957129855069
3841 5380 0.1403957129855069
5380 3327 0.11005860849133534
3327 5380 0.11005860849133534
5380 2684 0.1057465783211728
2684 5380 0.1057465783211728
5380 307 0.18216412366478976
307 5380 0.18216412366478976
5380 3914 0.30303771903501503
3914 5380 0.30303771903501503
908 2263 0.12425058522304104
2263 908 0.12425058522304104
908 633 0.18412546684125955
633 908 0.18412546684125955
3100 3327 0.26009701411644937
3327 3100 0.26009701411644937
3100 5795 0.19611370223324218
5795 3100 0.19611370223324218
4718 3327 0.21345021177618673
3327 4718 0.21345021177618673
4718 2263 0.13486068727891448
2263 4718 0.13486068727891448
1162 3327 0.2003328011808066
3327 1162 0.2003328011808066
1162 5602 0.24312557671968932
5602 1162 0.24312557671968932
1162 2263 0.20394754536349846
2263 1162 0.20394754536349846
1162 1087 0.12792387087432316
1087 1162 0.12792387087432316
1162 2623 0.17047892016351854
2623 1162 0.17047892016351854
1980 2684 0.19898876768099144
2684 1980 0.19898876768099144
1980 588 0.26384456780674986
588 1980 0.26384456780674986
1980 3201 0.2433155370056863
3201 1980 0.2433155370056863
146 5986 0.14440131153947822
5986 146 0.14440131153947822
146 5564 0.16992604548237597
5564 146 0.16992604548237597
146 1982 0.23866371985955992
1982 146 0.23866371985955992
146 673 0.20584632360632937
673 146 0.20584632360632937
146 247 0.22457303104371906
247 146 0.22457303104371906
146 679 0.32104702107189886
679 146 0.32104702107189886
146 1644 0.19769309402072116
1644 146 0.19769309402072116
146 5440 0.3031070085239095
5440 146 0.3031070085239095
146 1064 0.2146268234428415
1064 146 0.2146268234428415
146 4014 0.17284406419241383
4014 146 0.17284406419241383
146 5513 0.2644492171435095
5513 146 0.2644492171435095
146 5746 0.2901900827759645
5746 146 0.2901900827759645
758 4089 0.1934888189089659
4089 758 0.1934888189089659
218 4017 0.21892298985970982
4017 218 0.21892298985970982
218 6270 0.13931273266084596
6270 218 0.13931273266084596
218 3914 0.17610358284376937
3914 218 0.17610358284376937
1218 5073 0.24201074081902424
5073 1218 0.24201074081902424
5030 3914 0.1576276482440468
3914 5030 0.1576276482440468
5759 3327 0.17576189330507222
3327 5759 0.17576189330507222
652 1801 0.40226660895563193
1801 652 0.40226660895563193
652 6097 0.22209930314074025
6097 652 0.22209930314074025
652 596 0.2294221469156435
596 652 0.2294221469156435
220 3327 0.12473287324438277
3327 220 0.12473287324438277
220 3907 0.19346824730982942
3907 220 0.19346824730982942
220 3419 0.3185741479797569
3419 220 0.3185741479797569
220 1231 0.303553094670499
1231 220 0.303553094670499
220 5756 0.2589029861804441
5756 220 0.2589029861804441
220 2819 0.20484458593852553
2819 220 0.20484458593852553
220 6229 0.13015358059057186
6229 220 0.13015358059057186
220 3676 0.2248431401837108
3676 220 0.2248431401837108
1082 3327 0.10552409872686698
3327 1082 0.10552409872686698
1082 2477 0.20119036990394876
2477 1082 0.20119036990394876
783 3119 0.20868515481250602
3119 783 0.20868515481250602
2717 818 0.2651207880174383
818 2717 0.2651207880174383
2717 4374 0.19396979890697924
4374 2717 0.19396979890697924
2717 880 0.30063016172546975
880 2717 0.30063016172546975
2717 3497 0.18238818923463915
3497 2717 0.18238818923463915
4697 2263 0.23791187429721505
2263 4697 0.23791187429721505
4697 6270 0.15420663448206948
6270 4697 0.15420663448206948
3175 3327 0.18794824489110284
3327 3175 0.18794824489110284
3175 5942 0.27596776638867715
5942 3175 0.27596776638867715
3175 5710 0.14607981961396277
5710 3175 0.14607981961396277
2241 3327 0.300641334480613
3327 2241 0.300641334480613
4983 3077 0.15785298071196865
3077 4983 0.15785298071196865
3997 5508 0.3174681587870526
5508 3997 0.3174681587870526
3997 5270 0.22336674012020202
5270 3997 0.22336674012020202
3997 5715 0.20882992644356027
5715 3997 0.20882992644356027
3306 3537 0.31696411386534534
3537 3306 0.31696411386534534
3306 818 0.20182890727553193
818 3306 0.20182890727553193
3306 3327 0.22587312847996882
3327 3306 0.22587312847996882
3482 3327 0.3777147230278548
3327 3482 0.3777147230278548
5558 5590 0.28581219151064957
5590 5558 0.28581219151064957
3748 2263 0.2582909936859056
2263 3748 0.2582909936859056
4439 4103 0.26776790919980686
4103 4439 0.26776790919980686
4439 3028 0.2030315001609775
3028 4439 0.2030315001609775
4439 605 0.13318632981139683
605 4439 0.13318632981139683
661 2051 0.2182978516271537
2051 661 0.2182978516271537
661 3327 0.2245046190122462
3327 661 0.2245046190122462
5080 3327 0.20628427931212587
3327 5080 0.20628427931212587
5080 4164 0.16328858922741654
4164 5080 0.16328858922741654
3114 637 0.23644098102949304
637 3114 0.23644098102949304
3114 3327 0.1771792832798328
3327 3114 0.1771792832798328
3114 1099 0.16199462336437156
1099 3114 0.16199462336437156
25 5091 0.16880547674133775
5091 25 0.16880547674133775
25 3327 0.24955838708158298
3327 25 0.24955838708158298
25 2562 0.23629158925592597
2562 25 0.23629158925592597
25 4568 0.14521564361116407
4568 25 0.14521564361116407
25 1261 0.21549972689730554
1261 25 0.21549972689730554
25 4178 0.24241364314684488
4178 25 0.24241364314684488
3106 4488 0.23492446287440638
4488 3106 0.23492446287440638
3106 345 0.20568242192724553
345 3106 0.20568242192724553
5407 3474 0.16542999161737834
3474 5407 0.16542999161737834
5407 3327 0.11473872820116791
3327 5407 0.11473872820116791
5407 1717 0.19750661249990037
1717 5407 0.19750661249990037
5407 1507 0.3033755331805999
1507 5407 0.3033755331805999
5407 114 0.2308697867748014
114 5407 0.2308697867748014
3223 2960 0.08706395204360709
2960 3223 0.08706395204360709
4181 981 0.08150271390980439
981 4181 0.08150271390980439
4181 5515 0.3041574710602411
5515 4181 0.3041574710602411
4181 170 0.1698520998425831
170 4181 0.1698520998425831
4181 2611 0.1837326375559548
2611 4181 0.1837326375559548
4181 5363 0.20307733807988923
5363 4181 0.20307733807988923
4181 3653 0.16233506061480063
3653 4181 0.16233506061480063
4181 3784 0.15877784552207538
3784 4181 0.15877784552207538
4181 3020 0.30553448550443496
3020 4181 0.30553448550443496
4181 6224 0.1437102190743529
6224 4181 0.1437102190743529
4181 1891 0.16643175063920057
1891 4181 0.16643175063920057
4181 3079 0.33047577475190426
3079 4181 0.33047577475190426
4181 3368 0.21526038252086566
3368 4181 0.21526038252086566
4181 1629 0.2589907494520406
1629 4181 0.2589907494520406
4181 5611 0.20739453880216815
5611 4181 0.20739453880216815
4181 6222 0.23282755189581114
6222 4181 0.23282755189581114
4181 2742 0.19989661371775536
2742 4181 0.19989661371775536
4181 654 0.16783551186551132
654 4181 0.16783551186551132
4181 5906 0.16951139084869665
5906 4181 0.16951139084869665
4181 2572 0.1962154454233028
2572 4181 0.1962154454233028
4181 4995 0.15169751535280174
4995 4181 0.15169751535280174
4181 4898 0.14591048698132053
4898 4181 0.14591048698132053
4181 5440 0.17392034904824724
5440 4181 0.17392034904824724
4181 3892 0.24839095546892465
3892 4181 0.24839095546892465
4181 4966 0.4058778093665257
4966 4181 0.4058778093665257
4181 1147 0.13679890202309958
1147 4181 0.13679890202309958
4181 609 0.2706598912188106
609 4181 0.2706598912188106
4181 3247 0.19504154295806347
3247 4181 0.19504154295806347
3933 5602 0.2211254405629485
5602 3933 0.2211254405629485
3933 5074 0.19911006382700489
5074 3933 0.19911006382700489
660 2051 0.1862074443516608
2051 660 0.1862074443516608
660 3327 0.28334745460280847
3327 660 0.28334745460280847
660 1304 0.2561787425003841
1304 660 0.2561787425003841
660 1368 0.22945125273734424
1368 660 0.22945125273734424
660 6108 0.1810726323049648
6108 660 0.1810726323049648
660 4639 0.2657435765648532
4639 660 0.2657435765648532
660 1058 0.19208323981647085
1058 660 0.19208323981647085
660 5255 0.18622822248397763
5255 660 0.18622822248397763
660 80 0.22993803653972733
80 660 0.22993803653972733
660 4790 0.07802534699027008
4790 660 0.07802534699027008
660 3909 0.2261583004568129
3909 660 0.2261583004568129
660 3227 0.17093924302628632
3227 660 0.17093924302628632
5889 2684 0.20599776476588516
2684 5889 0.20599776476588516
595 5013 0.27979104229988366
5013 595 0.27979104229988366
595 4380 0.2920223188815437
4380 595 0.2920223188815437
595 345 0.1488900858219204
345 595 0.1488900858219204
4065 3327 0.2129051703560067
3327 4065 0.2129051703560067
4065 1711 0.15220870866514627
1711 4065 0.15220870866514627
5272 4772 0.23274791797344468
4772 5272 0.23274791797344468
5272 2960 0.19205594216860392
2960 5272 0.19205594216860392
5272 5073 0.1100165333725151
5073 5272 0.1100165333725151
5272 1819 0.1476424678125596
1819 5272 0.1476424678125596
5272 5074 0.21409064485890394
5074 5272 0.21409064485890394
5272 1311 0.21507279884335778
1311 5272 0.21507279884335778
3294 3327 0.1942760281608914
3327 3294 0.1942760281608914
3355 1449 0.2197115611279502
1449 3355 0.2197115611279502
3355 195 0.20755087812398326
195 3355 0.20755087812398326
3355 2128 0.13110204075403137
2128 3355 0.13110204075403137
4747 483 0.23455636277204378
483 4747 0.23455636277204378
483 816 0.19069433824822452
816 483 0.19069433824822452
3658 4205 0.21588458980534925
4205 3658 0.21588458980534925
3658 4342 0.1453115035786106
4342 3658 0.1453115035786106
3658 1741 0.18230821964768817
1741 3658 0.18230821964768817
4205 2128 0.19397234721186685
2128 4205 0.19397234721186685
5149 3608 0.15219556848497878
3608 5149 0.15219556848497878
5149 4870 0.1836316149172298
4870 5149 0.1836316149172298
5149 5070 0.15912100309484717
5070 5149 0.15912100309484717
5149 2592 0.16837937027226926
2592 5149 0.16837937027226926
5149 5252 0.12612237490602823
5252 5149 0.12612237490602823
5149 1347 0.22954939030538413
1347 5149 0.22954939030538413
5149 814 0.16524016988798343
814 5149 0.16524016988798343
5149 190 0.18298240993506368
190 5149 0.18298240993506368
5149 6049 0.20272029119783053
6049 5149 0.20272029119783053
5149 2454 0.20252266837273086
2454 5149 0.20252266837273086
5149 1296 0.21724786301086713
1296 5149 0.21724786301086713
5149 4605 0.2054353167489915
4605 5149 0.2054353167489915
5149 3883 0.1866996482370273
3883 5149 0.1866996482370273
2592 1296 0.18297272642145251
1296 2592 0.18297272642145251
2746 4067 0.2428366064491214
4067 2746 0.2428366064491214
2746 5986 0.12788677872051768
5986 2746 0.12788677872051768
2746 3327 0.17734029126630999
3327 2746 0.17734029126630999
5305 5869 0.20293062262084735
5869 5305 0.20293062262084735
5305 4881 0.19858644812039888
4881 5305 0.19858644812039888
5305 982 0.27492379508522136
982 5305 0.27492379508522136
5305 2898 0.248712256796435
2898 5305 0.248712256796435
5305 2832 0.1327376392455814
2832 5305 0.1327376392455814
5305 4758 0.09538289016063321
4758 5305 0.09538289016063321
5305 1161 0.13401222646547312
1161 5305 0.13401222646547312
5305 904 0.11239006512276771
904 5305 0.11239006512276771
5305 1873 0.21668318177622087
1873 5305 0.21668318177622087
5305 463 0.29266699730635437
463 5305 0.29266699730635437
5305 1043 0.177807841974024
1043 5305 0.177807841974024
5305 3973 0.1940961918871387
3973 5305 0.1940961918871387
5305 3120 0.23731163858278154
3120 5305 0.23731163858278154
5305 2527 0.14524532366867515
2527 5305 0.14524532366867515
5305 1037 0.23640771085735512
1037 5305 0.23640771085735512
5305 2005 0.24594423726449083
2005 5305 0.24594423726449083
5305 5115 0.20618368293944017
5115 5305 0.20618368293944017
5305 2327 0.14788193557843143
2327 5305 0.14788193557843143
5305 2468 0.14262066547144167
2468 5305 0.14262066547144167
5305 2380 0.2970534943268038
2380 5305 0.2970534943268038
5305 4418 0.2547899019792062
4418 5305 0.2547899019792062
5305 6072 0.20546399970941612
6072 5305 0.20546399970941612
5305 3088 0.243301347142611
3088 5305 0.243301347142611
5305 4150 0.2188839905303528
4150 5305 0.2188839905303528
5305 2043 0.09958841751454632
2043 5305 0.09958841751454632
5305 1554 0.08308028147624083
1554 5305 0.08308028147624083
5305 1778 0.3008911016317206
1778 5305 0.3008911016317206
5305 3863 0.10968536439333812
3863 5305 0.10968536439333812
5305 1383 0.18454159709152976
1383 5305 0.18454159709152976
5305 4250 0.242705201089928
4250 5305 0.242705201089928
5305 5595 0.22528726185803635
5595 5305 0.22528726185803635
5305 666 0.14221216355267485
666 5305 0.14221216355267485
5305 6107 0.16549998463115026
6107 5305 0.16549998463115026
5305 3324 0.14357957757050746
3324 5305 0.14357957757050746
5305 2117 0.2727966640619989
2117 5305 0.2727966640619989
5305 3772 0.23480477899157495
3772 5305 0.23480477899157495
5305 5375 0.3183175032360338
